name: default
border_size: 12
wall_density: 0.25
epsilon: 0.7
discount_factor: 0.9
learning_rate: 0.9
epochs: 500
step_multiplier: 6
0 0 x 1 0 0 0 x 0 0 0 0
2 0 0 0 x 0 0 x 0 x x 0
0 x 0 0 0 0 0 x 0 0 0 0
0 0 0 x 0 x 0 x 0 0 0 0
x x 0 0 0 0 0 x 0 x 0 1
0 0 0 0 0 x 0 x 0 0 0 0
0 x x 0 0 x 0 0 0 0 0 0
0 0 0 0 0 x 0 x x x x 0
x 0 x x 0 x 0 0 0 0 0 0
0 0 0 0 0 0 0 x x x x 0
x 0 x x x x 0 0 0 0 0 0
0 0 0 0 0 2 0 0 0 0 0 0

Average q-values every 50 iterations:
Iteration: 50
 -22 -47   0   0 -22   9 -30   0 -45 -47 -50 -50
   0 -45   0   2   0  -5 -13   0 -22   0   0 -50
   0   0  -2  16 -22 -22 -25   0   0 -22 -22 -22
   0 -22  16   0 -45   0   0   0   0   0  13   0
   0   0   0 -22   0 -22   0   0   0   0  20   0
   0   0   0   0   0   0   0   0   0 -22  22  20
   0   0   0   0   0   0   0 -22   0   0  10  14
   0 -22 -22   0   0   0   0   0   0   0   0  13
   0   0   0   0   0   0 -22 -25 -25 -22  -6  10
   0   0 -22 -22   0   0   0   0   0   0   0  -8
   0   0   0   0   0   0   0 -22 -25 -22 -14  15
   0   0   0   0   0   0 -25   0   0   0   0   0

Iteration: 100
 -22 -47   0   0  -7  34 -14   0 -47 -50 -50 -50
   0 -49   0  18   0  23  -7   0 -25   0   0 -50
 -45   0  12   9   3   8  -2   0 -22 -11  -7 -25
   0  -6  44   0 -32   0 -10   0   0   0  22  16
   0   0  -6  -3  13 -25  13   0 -22   0  45   0
 -22 -12  -8  10   0   0   9   0 -22  -4  39  39
   0   0   0 -17 -22   0 -22 -22   0   0  10  14
   0 -22 -22 -18 -22   0   0   0   0   0   0 -13
   0   0   0   0   0   0 -22 -25 -25 -22  -6  10
   0   0 -45 -22   0   0   0   0   0   0   0 -33
   0 -22   0   0   0   0   0 -22 -14  -4   6   1
   0   0 -22 -47 -99   0 -25   0   8  10  12  12

Iteration: 150
 -22 -32   0   0  -5  34 -13   0 -45 -40 -36 -21
   0 -47  34  41   0  26  10   0 -25   0   0 -15
 -97   0  28  36  20   8  -2   0 -22  -7   5  14
 -25  -6  22   0 -21   0   2   0   0   0  58  45
   0   0  -6  11  39 -13  24   0 -22   0  63   0
 -22 -10  -8  26 -10   0 -35   0 -22  -2  39  40
   0   0   0  -8 -15   0 -12 -22   0  -8  12  30
   0 -22 -16 -11 -17   0   8   0   0   0   0 -13
   0   0   0   0   6   0 -18 -25 -37  -8  -6   8
 -22   0 -45 -22   0 -45   0   0   0   0   0 -33
   0 -22   0   0   0   0   0 -22 -14   5   6   1
   0   0 -22 -47 -99   0 -25   0   8  11  12  12

Iteration: 200
 -22 -32   0   0  -5  34 -13   0 -37 -35 -21 -17
   0 -47  34  41   0  28  11   0 -14   0   0 -14
 -97   0  32  34  27   8   4   0 -17  -7   5  16
 -25  -6  22   0 -17   0   2   0   0   0  62  43
   0   0  -8  13  52 -13  24   0 -22   0  63   0
 -11  -9  -8  35 -10   0 -35   0  -4  11  62  41
 -14   0   0  -4  -7   0 -12 -22   0  -7  27  34
   0  -9  -8 -11  -7   0 -13   0   0   0   0 -13
   0 -35   0   0   7   0 -12 -14 -34  -8  -6   8
 -22   7 -47 -22   5 -45   4   0   0   0   0 -20
   0 -40   0   0   0   0   0 -13   0   5   6   1
 -22 -20 -45 -50-100   0 -25 -22  17  20  22  -9

Iteration: 250
 -22 -29   0   0  -5  34 -13   0 -37 -24 -21 -17
   0 -47  34  41   0  28  25   0 -13   0   0 -14
 -97   0  32  34  28   8   4   0   1   6  11  16
 -25  -6  22   0 -17   0   2   0  -3  20  63  43
   0   0  -8  13  54   2  24   0 -16   0  63   0
 -11 -11  -8  37   1   0 -38   0  10  12  63  40
 -14   0   0  -4   6   0  -4 -10  21  -7  27  34
   0  -9  -8  -2   5   0 -13   0   0   0   0 -13
   0 -34   0   0 -37   0 -13 -13 -34  -8 -19  21
 -22  12 -42 -14 -12 -45   8   0   0   0   0 -20
   0 -39   0   0   0   0   6 -13   0   5   6   1
 -20 -17 -41 -50-100   0 -22 -22  17  20  22  -9

Iteration: 300
  -8 -29   0   0  -5  34 -13   0 -37 -24 -21 -17
   0 -47  34  40   0  28  26   0 -13   0   0 -14
 -97   0  32  34  28  27  19   0   1   6  11  16
 -34  -6  22   0 -17   0   2   0   0  20  63  43
   0   0  -8  13  56   2  13   0 -13   0  43   0
 -11 -12   3  37   2   0 -38   0  16  12  79  40
 -12   0   0   7  10   0  -4 -10  21  -7  27  34
   7 -10  -8  -2   5   0 -13   0   0   0   0 -13
   0 -37   0   0 -37   0 -13 -13 -34  -8 -19  23
 -42  12 -40 -14 -12 -39   8   0   0   0   0 -20
   0 -39   0   0   0   0   6 -13   0   2   6  11
 -20 -17 -41 -50-100   0 -22 -15  18  27  22  -9

Iteration: 350
  -8 -29   0   0  -5  34 -13   0 -37 -24 -21 -17
   0 -52  34  40   0  28  26   0 -13   0   0 -14
 -97   0  32  34  28  24  20   0   1   6  11  16
 -34  -6  22   0 -17   0 -21   0   0  20  63  41
   0   0  -8  16  56   2  15   0 -13   0  43   0
 -13 -12  14  50   2   0 -29   0  16  12  79  40
  -4   0   0   8  10   0  -1 -10  21  -7  27  34
   9  -4 -32  -2   5   0 -36   0   0   0   0 -13
   0 -37   0   0 -37   0 -10 -13 -34  -8 -18  23
 -41  23 -42 -16 -12 -38  -4   0   0   0   0 -20
   0 -42   0   0   0   0 -18 -13   0   6   8  13
 -18 -15 -44 -46-100   0 -22 -15  18  30   1  -9

Iteration: 400
  -9 -29   0   0  -5  34 -13   0 -37 -24 -21 -17
   0 -52  34  40   0  28  26   0 -13   0   0 -14
 -87   0  32  34  28  25  21   0   3  18  11  16
 -33   4  23   0 -17   0 -21   0   0  20  63  40
   0   0  -8  16  56   2  15   0 -10   0  43   0
 -28  -1  14  50   2   0 -29   0  17  12  81  40
  -4   0   0   8  10   0  -1 -10  21  -7  27  34
   9  -4 -32  -2   5   0 -38   0   0   0   0 -13
   0 -37   0   0 -31   0  -8 -13 -34  -8 -18  23
 -41  23 -42 -16  -4 -29   1   0   0   0   0 -20
   0 -42   0   0   0   0  -9 -13   1   6   8  14
 -18 -15 -44 -46-100   0 -22 -15  -4  30   1  -9

Iteration: 450
  -9 -29   0   0  -5  34 -13   0 -37 -24 -21 -17
   0 -52  34  40   0  28  26   0 -13   0   0 -14
 -87   0  32  34  28  25  21   0   1  18  11  16
 -33   4  23   0 -17   0 -23   0   2  40  63  40
   0   0   3  16  56   2  15   0  -9   0  43   0
 -28  -1  14  51   2   0 -29   0  17  28  81  40
  -4   0   0   9  10   0   9   1  21  10  27  34
   9  -4 -32  -1   5   0 -38   0   0   0   0 -13
   0 -37   0   0 -31   0   2 -13 -34 -10 -18  23
 -41  24 -42 -16  -4 -29   1   0   0   0   0 -20
   0 -39   0   0   0   0  -8 -13   3   6   8  14
 -40 -11 -45 -45 -96   0 -18 -15  -7   8  10 -24

Iteration: 500
 -54 -29   0   0  -5  34 -13   0 -37 -24 -21 -17
   0 -36  34  40   0  28  26   0 -13   0   0 -13
 -87   0  32  34  28  25  21   0   1  18  11  16
 -33 -20  23   0 -17   0 -23   0  14  40  79  40
   0   0   3  16  56   2  15   0  -8   0  43   0
 -28 -23  15  51  13   0 -29   0  17  28  81  40
 -29   0   0   9   9   0   9   1  21  10  27  34
   9  -4 -32   5   6   0 -38   0   0   0   0 -13
   0 -37   0   0 -30   0   2 -13 -34 -10 -18  23
 -41  24 -36 -39   0 -28  -1   0   0   0   0 -20
   0 -39   0   0   0   0  -8  -6   3   6   8  14
 -40 -11 -45 -45 -96   0 -17 -14   0   8  10 -24

World with best moves from strategy:
> v x 1 < < < x > > > v
2 > > ^ x ^ ^ x ^ x x v
v x ^ ^ < ^ ^ x > > v v
> > ^ x ^ x ^ x > > > v
x x ^ > ^ < ^ x ^ x > 1
> > ^ ^ ^ x ^ x > > > ^
^ x x ^ ^ x > > ^ ^ > ^
^ > > ^ ^ x ^ x x x x ^
x ^ x x ^ x ^ > > > > ^
> ^ > > ^ < ^ x x x x ^
x ^ x x x x ^ > > > > ^
> ^ < < < 2 ^ ^ > ^ ^ ^

Starting position: (6, 9)
Strategy path:
(6, 9) -> (5, 9) -> (5, 10) -> (5, 11) -> (4, 11)
A* path:
(6, 9) -> (5, 9) -> (5, 10) -> (4, 10) -> (4, 11)
