name: high_density
border_size: 12
wall_density: 0.5
epsilon: 0.7
discount_factor: 0.9
learning_rate: 0.9
epochs: 500
step_multiplier: 6
0 0 x 0 x 1 x 0 x 0 x 0
x 0 x 0 0 0 0 0 0 0 0 0
0 0 x 0 x 0 x 0 0 x 0 0
0 0 0 0 0 0 0 0 0 x 0 0
x x 0 x x x x x 0 x 0 0
0 0 0 0 0 0 0 0 0 x 0 0
x 0 x 0 x 0 0 x 0 x 0 0
0 0 0 0 x 0 0 0 0 x 0 0
2 0 x 0 x 0 0 x 0 x 0 1
x 0 x 0 x 0 0 0 0 x 0 0
0 0 0 0 x 0 x 0 0 x 0 0
0 2 0 0 0 0 0 0 0 0 0 0

Average q-values every 50 iterations:
Iteration: 50
 -47 -50   0 -70   0   0   0 -75   0 -75   0 -75
   0 -50   0  33   0  25 -25   0 -25 -25 -25 -25
 -45 -22   0  -5   0  -2   0 -22 -25   0 -25 -25
   0   0 -25   0 -22   0   0   0 -25   0 -22   0
   0   0 -50   0   0   0   0   0 -50   0   0   0
 -22 -22 -22 -22 -22 -22 -25 -47 -22   0   0   0
   0 -22   0 -22   0 -25   0   0 -22   0   0   0
 -68   0 -25   0   0   0   0 -45 -22   0   0   0
   0 -45   0   0   0 -22   0   0 -25   0   0   0
   0   0   0   0   0   0   0 -22 -22   0   0   0
 -22   0   0   0   0 -45   0   0   0   0   0   0
   0   0   0   0 -22   0 -22   0   0   0   0   0

Iteration: 100
 -70 -50   0 -52   0   0   0 -75   0 -75   0 -75
   0 -50   0  50   0  60 -50   0 -25 -25 -25 -25
 -45 -25   0 -27   0   0   0 -25 -25   0 -25 -25
   0   0 -10  28 -22   0 -22 -22 -25   0 -22   0
   0   0 -41   0   0   0   0   0 -50   0   0   0
 -45 -22 -22 -22 -25 -25 -25 -47 -25   0 -22   0
   0 -47   0 -22   0 -25   0   0 -22   0   0   0
 -68   0 -25   0   0   0   0 -50 -22   0   0   0
   0 -45   0   0   0 -22   0   0 -50   0   0   0
   0 -25   0   0   0   0   0 -22 -22   0   0  22
 -45   0 -22   0   0 -50   0   0 -22   0   0   0
   0   0   0   0 -22   0 -22   0   0   0   0   0

Iteration: 150
 -70 -50   0 -52   0   0   0 -62   0 -75   0 -75
   0 -50   0  31  14  86 -28  35 -25 -25 -25 -25
 -45 -25   0 -13   0  -7   0   5   1   0 -25 -25
   0   0 -10  41  -4  48   6  13 -10   0 -25   0
   0   0 -36   0   0   0   0   0 -26   0   0   0
 -45 -17 -11 -13 -47 -25 -17 -39 -13   0 -22   0
   0 -47   0 -50   0 -25   0   0 -12   0   0   0
 -68   0 -25 -22   0   0   0 -45 -14   0 -22   0
   0 -45   0 -22   0 -22   0   0 -50   0   2   0
   0 -25   0   0   0 -25   0 -22 -22   0  -2  25
 -45   0 -22   0   0 -50   0   0 -22   0   0  18
   0   0   0   0 -22   0 -22   0   0   0   0   0

Iteration: 200
 -74 -50   0 -52   0   0   0 -57   0 -75   0 -75
   0 -50   0  31  -7  86  -9  66  -7 -10 -25 -25
 -50 -25   0 -17   0  -7   0  21   1   0 -25 -25
 -22   0   2  23  -4  48 -16  21  15   0 -25 -22
   0   0 -36   0   0   0   0   0 -26   0   0   0
 -36  -8   6 -14 -47 -16  -7 -31   6   0 -22   0
   0 -38   0 -33   0 -14  15   0 -29   0   0   0
 -68   8 -18 -16   0   4  18 -34  -2   0 -22   0
   0 -39   0 -15   0 -22   6   0 -35   0  21   0
   0 -25   0   6   0 -25   4 -18 -12   0   0  18
 -47   0 -22   3   0 -50   0 -12 -15   0   0  22
   0   0   0   0 -22   0 -22   4   0   0   0   0

Iteration: 250
 -75 -50   0 -52   0   0   0 -57   0 -75   0 -75
   0 -50   0  28  -7  86  -9  69  -7 -10 -25 -25
 -50 -25   0 -17   0  -7   0  23  21   0 -25 -25
 -22   0   2  21  -4  26 -16  21  16   0 -25 -22
   0   0 -27   0   0   0   0   0 -26   0   0   0
 -35 -10   6 -14 -40 -16   0 -31   6   0 -22   0
   0 -38   0 -33   0 -11  15   0 -31   0   0   0
 -61   9 -17 -10   0  -9  18 -34   0   0 -22   0
   0 -37   0 -15   0 -18   6   0 -35   0  23   0
   0 -18   0   6   0 -19   4 -18 -12   0  14  36
 -47   4 -22   3   0 -44   0 -11 -15   0  12  13
   0   0   0   0 -19 -20 -19 -17   6  -9  -4  20

Iteration: 300
 -75 -50   0 -52   0   0   0 -57   0 -75   0 -75
   0 -50   0  28  -9  86  -9  69   7  -9 -25 -25
 -50 -25   0 -17   0  -7   0  23  21   0 -25 -25
 -22   0   2  21  -7  26 -16  21  16   0 -25 -22
   0   0 -27   0   0   0   0   0 -26   0   0   0
 -35 -10   7   0 -40 -16   0 -31   6   0 -25   0
   0 -38   0 -33   0 -11  15   0 -30   0   0 -22
 -61   9 -40  -9   0  -3  27 -34   0   0 -22   0
   0 -64   0 -17   0 -14   7   0 -35   0  20   0
   0 -40   0   7   0 -12   5 -18  -6   0  14  36
 -47   6 -22   5   0 -44   0  -7 -15   0  12  13
   0   0   0   3 -18 -17 -17 -13   6  -9  -4  20

Iteration: 350
 -75 -50   0 -52   0   0   0 -57   0 -75   0 -75
   0 -50   0  28  -9  86  -9  69   8  -9 -25 -25
 -50 -25   0 -17   0  -9   0  23  21   0 -25 -25
 -22 -25   2  21  -7  26 -16  21  16   0 -25 -22
   0   0 -26   0   0   0   0   0 -26   0   0   0
 -60   2   6   1 -40 -16   0 -31   6   0 -25   0
   0 -38   0 -33   0 -11  15   0 -31   0   0 -22
 -60   9 -40  -9   0  -3  27 -34   0   0 -22   0
   0 -64   0 -17   0  -8 -10   0 -35   0  20   0
   0 -40   0   7   0 -12   6 -18  -5   0  14  36
 -43   6 -17   6   0 -41   0  -7 -18   0  12  12
   0   0   0   5 -18 -17 -17 -13   6  -9  -4  20

Iteration: 400
 -75 -50   0 -54   0   0   0 -57   0 -60   0 -75
   0 -50   0  28  -9  86  -9  69  23   2   0 -13
 -50 -25   0 -17   0  -9   0  23  21   0 -12 -25
 -25 -25   2  21  -7  26 -16  21  16   0 -13 -22
   0   0 -26   0   0   0   0   0 -26   0   7   0
 -60   3   6   1 -40 -10   0 -31   6   0 -25   0
   0 -38   0 -32   0  -4  15   0 -31   0   0 -22
 -60   9 -40  -2   0  -5  28 -34   0   0 -22   0
   0 -65   0 -17   0  -7 -10   0 -35   0  20   0
   0 -40   0   7   0 -12 -16 -18  -4   0  14  38
 -42   6 -17   6   0 -41   0  -7 -18   0  12  12
   0   0   0   5 -18 -17 -14 -13   6  -6  -4  20

Iteration: 450
 -75 -50   0 -54   0   0   0 -57   0 -60   0 -75
   0 -50   0  28  -9  86  -9  69  23  18   2 -12
 -50 -25   0 -17   0  -9   0  23  21   0 -12 -15
 -25 -25   2  21   7  29 -16  21  16   0 -13 -22
   0   0 -26   0   0   0   0   0 -26   0  11   0
 -62   3   6   1 -40  -9   0 -31   6   0 -15   0
   0 -40   0 -32   0  -3  15   0 -31   0   8 -22
 -60   9 -40  -2   0  -5  28 -34   0   0 -22   0
   0 -59   0 -17   0  -7 -10   0 -34   0  20   0
   0 -35   0 -15   0 -10 -16 -18  -4   0  14  38
 -42  11 -17  16   0 -41   0  -7 -18   0  14  29
   5   0   5   6 -18 -17 -14 -13   6  -6  -4  20

Iteration: 500
 -75 -50   0 -54   0   0   0 -57   0 -60   0 -63
   0 -50   0  28  -9  86  -9  69  23  18  12 -12
 -50 -25   0 -17   0  -9   0  23  21   0 -12 -15
 -25 -25   2  21 -16  28 -16  21  16   0 -13 -22
   0   0 -26   0   0   0   0   0 -26   0  11   9
 -62   3   6   1 -30  -9   0 -31   6   0 -15   0
   0 -40   0 -32   0  -3  21   0 -31   0   8 -22
 -62  15 -40  -2   0  -5  28 -34   0   0 -22   0
   0 -59   0 -36   0  -7 -13   0 -34   0  20   0
   0 -35   0 -15   0  -9 -16 -18  -4   0  14  38
 -42  11 -17  17   0 -41   0  -7 -18   0  32  30
   5   0   5 -17 -13 -17 -14 -13   6  -6  -7  20

World with best moves from strategy:
> v x v x 1 x v x v x v
x ^ x > > ^ < < < < < <
> ^ x ^ x ^ x ^ ^ x ^ ^
^ ^ > ^ > ^ < ^ ^ x ^ ^
x x ^ x x x x x ^ x ^ <
> > ^ < < > > > ^ x ^ ^
x ^ x ^ x ^ ^ x ^ x ^ ^
> ^ > ^ x ^ ^ > ^ x ^ ^
2 ^ x ^ x ^ ^ x ^ x > 1
x ^ x ^ x ^ ^ > ^ x ^ ^
> ^ > ^ x ^ x > ^ x > ^
^ 2 > ^ < ^ > ^ ^ > ^ ^

Starting position: (1, 1)
Strategy path:
(1, 1) -> (0, 1) -> (1, 1) -> (0, 1) -> (1, 1) -> (0, 1) -> (1, 1) -> (0, 1) -> (1, 1) -> (0, 1) -> (1, 1) -> (0, 1) -> (1, 1) -> (0, 1) -> (1, 1) -> (0, 1) -> (1, 1) -> (0, 1) -> (1, 1) -> (0, 1) -> (1, 1) -> (0, 1) -> (1, 1) -> (0, 1) -> (1, 1) -> (0, 1) -> (1, 1) -> (0, 1) -> (1, 1) -> (0, 1) -> (1, 1) -> (0, 1) -> (1, 1) -> (0, 1) -> (1, 1) -> (0, 1) -> (1, 1) -> (0, 1) -> (1, 1) -> (0, 1) -> (1, 1) -> (0, 1) -> (1, 1) -> (0, 1) -> (1, 1) -> (0, 1) -> (1, 1) -> (0, 1) -> (1, 1) -> (0, 1) -> (1, 1) -> (0, 1) -> (1, 1) -> (0, 1) -> (1, 1) -> (0, 1) -> (1, 1) -> (0, 1) -> (1, 1) -> (0, 1) -> (1, 1) -> (0, 1) -> (1, 1) -> (0, 1) -> (1, 1) -> (0, 1) -> (1, 1) -> (0, 1) -> (1, 1) -> (0, 1) -> (1, 1) -> (0, 1) -> (1, 1) -> (0, 1) -> (1, 1) -> (0, 1) -> (1, 1) -> (0, 1) -> (1, 1) -> (0, 1) -> (1, 1) -> (0, 1) -> (1, 1) -> (0, 1) -> (1, 1) -> (0, 1) -> (1, 1) -> (0, 1) -> (1, 1) -> (0, 1) -> (1, 1) -> (0, 1) -> (1, 1) -> (0, 1) -> (1, 1) -> (0, 1) -> (1, 1) -> (0, 1) -> (1, 1) -> (0, 1) -> (1, 1) -> (0, 1) -> (1, 1) -> (0, 1) -> (1, 1) -> (0, 1) -> (1, 1) -> (0, 1) -> (1, 1) -> (0, 1) -> (1, 1) -> (0, 1) -> (1, 1) -> (0, 1) -> (1, 1) -> (0, 1) -> (1, 1) -> (0, 1) -> (1, 1) -> (0, 1) -> (1, 1) -> (0, 1) -> (1, 1) -> (0, 1) -> (1, 1) -> (0, 1) -> (1, 1) -> (0, 1) -> (1, 1) -> (0, 1) -> (1, 1) -> (0, 1) -> (1, 1) -> (0, 1) -> (1, 1) -> (0, 1) -> (1, 1) -> (0, 1) -> (1, 1) -> (0, 1) -> (1, 1) -> (0, 1) -> (1, 1) -> (0, 1)
A* path:
(1, 1) -> (2, 1) -> (3, 1) -> (3, 2) -> (3, 3) -> (2, 3) -> (1, 3) -> (1, 4) -> (1, 5) -> (0, 5)
