name: high_epsilon
border_size: 12
wall_density: 0.25
epsilon: 0.95
discount_factor: 0.9
learning_rate: 0.9
epochs: 500
step_multiplier: 6
0 x 1 x 0 x 0 0 x 0 x 0
0 0 0 0 0 0 0 0 x 0 0 0
x x x x x x 0 0 x 0 x 0
0 0 0 0 0 0 0 0 x 0 x 0
0 0 x 0 0 0 0 0 0 0 x 1
x 0 x 0 x x 0 0 x 0 x 0
0 0 x 0 0 0 0 0 0 0 x 0
x 0 0 0 0 x 0 x x 0 x 0
0 0 x x 0 0 0 0 0 0 x 0
0 0 0 0 0 0 x x x 0 x 0
2 x x x x 0 0 0 0 0 x 0
0 0 0 0 0 0 0 0 2 0 0 0

Average q-values every 50 iterations:
Iteration: 50
   0   0   0   0 -72   0 -22 -50   0 -50   0 -75
   0 -45  22 -22 -22 -22   0 -25   0 -25 -22 -25
   0   0   0   0   0   0 -22   0   0   0   0   0
   0 -22 -45 -22 -22 -22   0   0   0   0   0   0
   0   0   0   0 -22   0   0   0 -22   0   0   0
   0   0   0   0   0   0   0   0   0   0   0   2
   0   0   0   0 -22 -22   0   0 -22   0   0  22
   0   0   0   0   0   0   0   0   0   0   0  15
   0   0   0   0   0 -22   0   0   0   0   0   0
   0   0 -22 -22   0   0   0   0   0   0   0   0
   0   0   0   0   0   0 -22 -22 -22   0   0   0
   0 -22 -25 -22 -22   0   0   0   0   0   0   0

Iteration: 100
 -59   0   0   0 -75   0 -47 -50   0 -75   0 -75
  -5 -23  25 -22 -22 -22   0 -25   0 -25 -22 -25
   0   0   0   0   0   0 -25   0   0 -22   0   0
 -22 -22 -45 -22 -22 -22   0   0   0   0   0   0
   0   0   0   0 -22   0   0   0 -22   0   0   0
   0   0   0   0   0   0   0   0   0 -22   0   2
   0   0   0   0 -22 -22   0   0 -22   0   0  22
   0   0   0   0   0   0   0   0   0 -22   0  19
   0   0   0   0   0 -22   0   0   0 -22   0  12
   0   0 -22 -22   0   0   0   0   0   0   0   0
   0   0   0   0   0   0 -22 -22 -22   0   0   0
   0 -22 -25 -22 -22   0   0   0   0   0 -22   0

Iteration: 150
 -59   0   0   0 -75   0 -50 -50   0 -75   0 -75
  -5 -23  25 -22 -22 -22   0 -25   0 -25 -22 -25
   0   0   0   0   0   0 -25   0   0 -47   0   0
 -22 -22 -45 -25 -22 -22   0   0   0 -22   0   0
   0   0   0   0 -22   0   0   0 -22   0   0   0
   0   0   0   0   0   0   0   0   0 -22   0   0
   0   0   0   0 -22 -22   0   0 -22   0   0  22
   0   0   0   0   0   0   0   0   0 -22   0  20
 -22   0   0   0   0 -22   0   0 -22 -22   0  -4
   0   0 -22 -22   0   0   0   0   0   0   0  15
   0   0   0   0   0   0 -22 -22 -22   0   0   0
   0 -22 -25 -22 -22   0   0   0   0   0 -22   0

Iteration: 200
 -59   0   0   0 -75   0 -50 -50   0 -75   0 -75
  -5 -22  25 -22 -22 -22   0 -25   0 -25 -22 -25
   0   0   0   0   0   0 -25   0   0 -47   0   0
 -22 -22 -45 -25 -22 -22   0   0   0 -47   0   0
   0   0   0   0 -22   0   0   0 -22   0   0   0
   0   0   0   0   0   0   0   0   0 -22   0   0
   0   0   0   0 -22 -22   0   0 -22   0   0 -25
   0   0 -22   0   0   0   0   0   0 -22   0  20
 -25   0   0   0   0 -22   0   0 -22 -22   0  -7
   0   0 -22 -22   0   0   0   0   0   0   0  16
   0   0   0   0   0   0 -22 -22 -25   0   0  15
   0 -22 -25 -22 -22   0   0   0   0   0 -22  12

Iteration: 250
 -55   0   0   0 -75   0 -50 -50   0 -75   0 -75
  -5 -25  25 -22 -22 -22   0 -25   0 -25 -22 -25
   0   0   0   0   0   0 -25   0   0 -47   0   0
 -22 -22 -45 -25 -22 -22   0   0   0 -47   0   0
   0   0   0   0 -22   0   0   0 -22   0   0   0
   0   0   0   0   0   0   0   0   0 -22   0   0
 -22   0   0   0 -22 -47   0   0 -22 -22   0 -25
   0   0 -45   0   0   0   0   0   0 -25   0  20
 -25   0   0   0 -22 -22   0   0 -22 -25   0  -7
   0   0 -22 -22   0   0   0   0   0   0   0  16
   0   0   0   0   0   0 -22 -22 -25   0   0  15
 -45 -22 -25 -22 -22   0   0   0   0   0 -11  21

Iteration: 300
 -54   0   0   0 -75   0 -50 -50   0 -75   0 -75
  -4 -25  25 -22 -22 -22   0 -25   0 -25 -45 -25
   0   0   0   0   0   0 -25   0   0 -50   0   0
 -22 -22 -45 -25 -22 -22   0   0   0 -47   0   0
   0   0   0   0 -22   0   0   0 -22   0   0   0
   0   0   0   0   0   0   0   0   0 -22   0   0
 -22   0   0   0 -25 -47   0   0 -22 -22   0 -25
   0   0 -45   0   0   0   0   0   0 -25   0  20
 -25   0   0   0 -22 -22   0   0 -22 -25   0  -7
   0   0 -22 -22   0   0   0   0   0   0   0  16
   0   0   0   0   0   0 -22 -22 -25   0   0  26
 -45 -22 -25 -22 -22   0   0   0   0   0 -11  21

Iteration: 350
 -54   0   0   0 -75   0 -50 -50   0 -75   0 -75
  -4 -25  25 -22 -25 -22   0 -25   0 -25 -45 -25
   0   0   0   0   0   0 -25   0   0 -50   0   0
 -22 -22 -45 -25 -22 -25   0   0   0 -47   0   0
   0   0   0   0 -22   0   0   0 -22   0   0   0
   0   0   0   0   0   0   0   0   0 -22   0   0
 -22   0   0   0 -25 -47   0   0 -22 -22   0 -25
   0   0 -45   0   0   0   0   0   0 -25   0  20
 -25   0   0   0 -22 -22   0   0 -22 -25   0  -7
   0   0 -22 -22   0   0   0   0   0   0   0  16
   0   0   0   0   0   0 -22 -22 -25   0   0  26
 -45 -22 -25 -22 -22   0   0   0   0   0 -11  21

Iteration: 400
 -54   0   0   0 -75   0 -50 -50   0 -75   0 -75
  -4 -25  25 -22 -25 -22   0 -25   0 -25 -45 -25
   0   0   0   0   0   0 -25 -22   0 -50   0   0
 -22 -22 -45 -25 -22 -25   0   0   0 -47   0   0
   0   0   0   0 -22   0   0   0 -22   0   0   0
   0   0   0   0   0   0   0   0   0 -22   0   0
 -22   0   0   0 -25 -47   0   0 -22 -22   0 -25
   0   0 -45   0   0   0   0   0   0 -25   0  35
 -25   0   0   0 -22 -22   0   0 -25 -25   0  -7
   0   0 -22 -22   0   0   0   0   0   0   0  16
   0   0   0   0   0   0 -22 -22 -25   0   0  26
 -45 -22 -25 -22 -22   0   0   0   0   0 -11  21

Iteration: 450
 -54   0   0   0 -75   0 -50 -50   0 -75   0 -75
  -4 -25  25 -22 -25 -22   0 -25   0 -25 -45 -25
   0   0   0   0   0   0 -25 -22   0 -50   0   0
 -22 -22 -45 -25 -22 -25   0   0   0 -47   0   0
   0   0   0 -22 -22   0   0   0 -22   0   0   0
   0   0   0   0   0   0 -22   0   0 -22   0   0
 -22   0   0   0 -25 -47   0   0 -22 -22   0 -25
   0   0 -45   0   0   0   0   0   0 -25   0  35
 -25   0   0   0 -22 -22   0   0 -25 -25   0  -7
   0   0 -22 -22   0   0   0   0   0   0   0  16
   0   0   0   0   0 -22 -22 -22 -25   0   0  26
 -45 -22 -25 -25 -22   0   0   0   0   0 -11  21

Iteration: 500
 -54   0   0   0 -75   0 -50 -50   0 -75   0 -75
  -4 -25  21 -22 -25 -22   0 -25   0 -25 -45 -25
   0   0   0   0   0   0 -25 -22   0 -50   0   0
 -22 -22 -45 -25 -22 -25   0   0   0 -47   0   0
   0   0   0 -22 -22   0   0   0 -22   0   0   0
   0   0   0   0   0   0 -22   0   0 -22   0   0
 -22   0   0   0 -25 -47   0   0 -22 -22   0 -25
   0   0 -45   0   0   0   0   0   0 -25   0  35
 -25   0   0   0 -22 -22   0   0 -25 -25   0  -7
   0   0 -22 -22   0   0   0   0   0   0   0  16
   0   0   0   0   0 -22 -22 -22 -25   0   0  26
 -45 -22 -25 -25 -22   0   0   0   0   0 -11  21

World with best moves from strategy:
v x 1 x v x > v x v x v
> > ^ > ^ > ^ ^ x ^ > ^
x x x x x x ^ ^ x ^ x ^
> > > > > > ^ ^ x ^ x ^
^ ^ x ^ ^ ^ ^ ^ > ^ x 1
x ^ x ^ x x ^ ^ x ^ x ^
> ^ x ^ > > ^ ^ > ^ x ^
x ^ > ^ ^ x ^ x x ^ x ^
> ^ x x ^ > ^ ^ > ^ x ^
^ ^ > > ^ ^ x x x ^ x ^
2 x x x x ^ > > > ^ x ^
> > > > > ^ ^ ^ 2 ^ > ^

Starting position: (8, 6)
Strategy path:
(8, 6) -> (7, 6) -> (6, 6) -> (5, 6) -> (4, 6) -> (3, 6) -> (2, 6) -> (1, 6) -> (0, 6) -> (0, 7) -> (1, 7) -> (0, 7) -> (1, 7) -> (0, 7) -> (1, 7) -> (0, 7) -> (1, 7) -> (0, 7) -> (1, 7) -> (0, 7) -> (1, 7) -> (0, 7) -> (1, 7) -> (0, 7) -> (1, 7) -> (0, 7) -> (1, 7) -> (0, 7) -> (1, 7) -> (0, 7) -> (1, 7) -> (0, 7) -> (1, 7) -> (0, 7) -> (1, 7) -> (0, 7) -> (1, 7) -> (0, 7) -> (1, 7) -> (0, 7) -> (1, 7) -> (0, 7) -> (1, 7) -> (0, 7) -> (1, 7) -> (0, 7) -> (1, 7) -> (0, 7) -> (1, 7) -> (0, 7) -> (1, 7) -> (0, 7) -> (1, 7) -> (0, 7) -> (1, 7) -> (0, 7) -> (1, 7) -> (0, 7) -> (1, 7) -> (0, 7) -> (1, 7) -> (0, 7) -> (1, 7) -> (0, 7) -> (1, 7) -> (0, 7) -> (1, 7) -> (0, 7) -> (1, 7) -> (0, 7) -> (1, 7) -> (0, 7) -> (1, 7) -> (0, 7) -> (1, 7) -> (0, 7) -> (1, 7) -> (0, 7) -> (1, 7) -> (0, 7) -> (1, 7) -> (0, 7) -> (1, 7) -> (0, 7) -> (1, 7) -> (0, 7) -> (1, 7) -> (0, 7) -> (1, 7) -> (0, 7) -> (1, 7) -> (0, 7) -> (1, 7) -> (0, 7) -> (1, 7) -> (0, 7) -> (1, 7) -> (0, 7) -> (1, 7) -> (0, 7) -> (1, 7) -> (0, 7) -> (1, 7) -> (0, 7) -> (1, 7) -> (0, 7) -> (1, 7) -> (0, 7) -> (1, 7) -> (0, 7) -> (1, 7) -> (0, 7) -> (1, 7) -> (0, 7) -> (1, 7) -> (0, 7) -> (1, 7) -> (0, 7) -> (1, 7) -> (0, 7) -> (1, 7) -> (0, 7) -> (1, 7) -> (0, 7) -> (1, 7) -> (0, 7) -> (1, 7) -> (0, 7) -> (1, 7) -> (0, 7) -> (1, 7) -> (0, 7) -> (1, 7) -> (0, 7) -> (1, 7) -> (0, 7) -> (1, 7) -> (0, 7) -> (1, 7) -> (0, 7) -> (1, 7) -> (0, 7) -> (1, 7) -> (0, 7)
A* path:
(8, 6) -> (7, 6) -> (6, 6) -> (5, 6) -> (4, 6) -> (3, 6) -> (2, 6) -> (1, 6) -> (1, 5) -> (1, 4) -> (1, 3) -> (1, 2) -> (0, 2)
