name: low_learning_rate
border_size: 12
wall_density: 0.25
epsilon: 0.7
discount_factor: 0.9
learning_rate: 0.1
epochs: 500
step_multiplier: 6
0 0 x 0 x 0 1 0 x 0 x 0
0 0 x 0 x 0 x 0 0 0 x 0
x 0 0 0 0 0 x 0 x 0 x 0
0 0 0 x 0 0 0 0 x 0 0 0
x x 0 x 0 0 x 0 x 0 x 0
0 0 0 x 0 0 0 0 0 0 0 0
x 0 0 x 0 0 0 0 0 0 x 0
2 0 0 x 0 x x x x 0 0 0
x 0 0 0 0 0 0 0 0 0 x 0
0 0 0 0 0 0 x 0 0 0 0 0
0 x 0 x 0 0 0 0 x 0 x 1
0 0 0 0 2 0 0 0 0 0 0 0

Average q-values every 50 iterations:
Iteration: 50
  -9 -35   0 -56   0  11   0  -1   0 -63   0 -73
  -7 -20   0 -40   0  -2   0  -1 -10 -22   0 -49
   0  -7  -5   0  -2   2   0  -2   0  -7   0 -12
  -2   0   0   0  -2   0  -2  -2   0  -5  -5  -9
   0   0  -2   0   0   0   0  -5   0  -9   0   0
   0  -7   0   0   0   0   0   0  -5   0  -2  -2
   0   0   0   0  -2   0   0   0   0  -2   0   0
   0   0   0   0   0   0   0   0   0  -5  -2   0
   0   0   0  -2   0  -2  -2  -2  -2  -2   0   0
  -2   0   0   0   0   0   0   0   0   0   0   0
  -5   0   0   0   0   0  -2   0   0   0   0   0
   0   0   0   0   0   0   0  -5   0   0   0   0

Iteration: 100
 -24 -47   0 -64   0  16   0  -2   0 -73   0 -75
 -20 -23   0 -42   0   2   0   3 -14 -24   0 -50
   0 -12  -9  -2  -1   9   0  -3   0 -19   0 -22
  -2   0   0   0  -2   4  -2  -5   0  -7  -5 -13
   0   0  -7   0   0   0   0  -7   0  -9   0  -5
  -2  -7  -2   0   0   0   0   0  -7   0  -2  -2
   0   0   0   0  -2   0   0   0   0  -5   0  -2
   0   0   0   0  -7   0   0   0   0  -7  -2   0
   0   0   0  -2   0  -2  -7  -2  -2  -2   0   0
  -5   0   0   0   0   0   0   0   0   0  -2  -2
  -5   0  -2   0   0   0  -2   0   0   0   0   0
  -2   0  -2   0   0   0   0  -7   0   0  -7   2

Iteration: 150
 -29 -49   0 -66   0  12   0  -1   0 -75   0 -75
 -22 -24   0 -43   0   3   0   8 -11 -22   0 -50
   0 -12  -9   2   4  16   0  -5   0 -26   0 -25
  -2   0   0   0   0   8  -2  -5   0 -13  -5 -13
   0   0  -9   0   0   1   0  -7   0 -13   0  -5
  -2  -7  -2   0  -2   0  -2   0  -7   0  -5  -2
   0  -5   0   0  -2   0   0   0   0 -10   0  -2
   0   0   0   0 -10   0   0   0   0  -7  -2   0
   0   0   0  -2   0  -2  -7  -5  -7  -9   0   0
  -5  -2   0   0   0   0   0   0   0   0  -2  -2
  -5   0  -2   0   0   0  -2  -2   0   0   0   0
  -2   0  -2   0   0  -5   0  -7   0   0  -7   5

Iteration: 200
 -29 -49   0 -66   0   9   0  -3   0 -75   0 -75
 -22 -24   0 -42   0   1   0  14  -6 -15   0 -50
   0 -11  -6   6   4  13   0  -1   0 -27   0 -31
  -2   0  -3   0   3  13  -2  -4   0 -15  -5 -14
   0   0 -11   0   1   1   0  -6   0 -17   0  -5
  -2  -9  -5   0  -2   0  -5   0  -7   0  -5  -5
   0  -5   0   0  -2   0   0   0   0 -10   0  -2
   0   0   0   0 -10   0   0   0   0  -7  -7   0
   0  -2   0  -2   0  -2  -7  -5  -9  -9   0   0
  -5  -2   0   0   0   0   0   0   0   0  -2  -2
  -5   0  -2   0   0   0  -2  -2   0   0   0   0
  -2   0  -2   0   0  -5   0  -7  -5   0  -7   7

Iteration: 250
 -32 -49   0 -66   0   9   0   3   0 -74   0 -75
 -25 -24   0 -41   0   0   0  17  -5  -8   0 -50
   0 -10  -4   3   6  12   0  -2   0 -22   0 -32
  -2  -4  -3   0   6  16  -1  -3   0 -13  -7 -16
   0   0 -11   0   2   5   0 -11   0 -17   0 -14
  -5 -10  -4   0  -5   1  -5   1  -7   1  -5  -7
   0  -5  -2   0  -5   0   0   0   0 -13   0  -2
   0   0  -2   0 -10   0   0   0   0  -7 -11   0
   0  -2   0  -2   0  -2  -9  -5 -10 -10   0  -2
  -5  -2   0  -2   0   0   0   0   0   0  -5  -2
  -5   0  -2   0   0   0  -2  -2   0   0   0   0
  -2   0  -2   0   0  -5   0  -7  -5   0  -6  10

Iteration: 300
 -32 -49   0 -66   0   9   0   5   0 -74   0 -75
 -25 -24   0 -38   0  -5   0  20  -6  -5   0 -50
   0  -8  -2   3   9  14   0   0   0 -20   0 -37
  -2  -2  -1   0  10  20   0   0   0 -10  -7 -18
   0   0 -14   0   3   8   0 -10   0 -17   0 -17
  -5 -13  -6   0  -5   1  -5   1  -6   2  -5 -12
   0  -5  -2   0  -4   0   0   0   0 -13   0  -5
   0 -14  -2   0 -11   0   0   0   0  -6 -13   0
   0  -2   0  -2   0  -2  -9  -5 -14 -13   0  -2
  -7  -2   0  -2   0   0   0   0   0   0  -5  -2
  -9   0  -5   0   0   0  -2  -2   0   0   0   0
  -2  -2  -2   0   0  -5   0  -7  -5   0  -6  10

Iteration: 350
 -32 -49   0 -65   0   7   0   2   0 -72   0 -75
 -25 -23   0 -37   0  -6   0  16  -9  -2   0 -50
   0  -7   0   6  12  16   0   0   0 -20   0 -42
  -2  -2   3   0  13  22   1   2   0  -8  -6 -18
   0   0 -11   0   3  10   0  -9   0 -15   0 -20
  -5 -12  -5   0  -4   2  -5   1  -6   4  -5 -13
   0  -6  -4   0  -4   0   0   0   0 -12   0  -7
   0 -17  -2   0 -11   0   0   0   0  -8 -15   0
   0  -2   0  -2   0  -5  -9  -5 -15 -15   0  -2
  -7  -2   0  -2   0   0   0   0  -5   0  -5  -2
  -9   0  -5   0   0   0  -2  -2   0   0   0   0
  -2  -2  -2  -8   0  -5   0  -7  -7  -2  -6  10

Iteration: 400
 -32 -49   0 -65   0   6   0  -2   0 -71   0 -75
 -25 -22   0 -35   0  -5   0  17 -11  -1   0 -50
   0  -6   3   7  12  20   0   0   0 -17   0 -42
  -2  -1   1   0  14  27   0   2   0  -5  -5 -18
   0   0 -14   0   6  15   0  -7   0 -14   0 -22
  -5 -10  -2   0  -7   5  -4   1  -6   7  -5 -14
   0  -8  -2   0  -6   1   0   0   0 -10   0 -11
   0 -17  -2   0 -11   0   0   0   0  -8 -17   0
   0  -2   0  -2   0  -5  -9  -5 -15 -14   0  -2
  -9  -2   0  -2   0   0   0  -5  -5   0  -5  -2
  -9   0  -7   0   0   0  -2  -5   0   0   0   0
  -2  -2  -2  -8   0  -5  -2  -7  -7  -2  -6  10

Iteration: 450
 -32 -49   0 -63   0   5   0  -2   0 -65   0 -75
 -25 -21   0 -33   0  -5   0  18 -11   2   0 -50
   0  -4   5  10  15  23   0   0   0 -16   0 -42
  -1   1   2   0  17  28   1   2   0  -4  -3 -18
   0   0 -17   0   7  15   0  -6   0 -13   0 -22
  -5 -11  -1   0  -6   5  -4   2  -4   9  -5 -15
   0  -6  -2   0  -6   1   0   0   1 -10   0 -13
   0 -17  -5   0 -11   0   0   0   0 -10 -17   0
   0  -5   0  -2   0  -5  -9  -5 -15 -16   0  -2
 -11  -5   0  -2   0   0   0  -5  -5   0  -5  -2
  -9   0  -7   0   0   0  -2  -5   0   0   0   0
  -2  -2  -2 -17   0  -5  -2  -7  -7  -2  -6  10

Iteration: 500
 -32 -48   0 -63   0   3   0  -2   0 -64   0 -75
 -25 -19   0 -33   0  -6   0  23 -13   6   0 -50
   0  -3   7  12  16  24   0   0   0 -19   0 -42
  -1   1   2   0  20  30   2   2   0   0   0 -12
   0   0 -18   0  10  15   0  -5   0 -14   0 -22
  -5 -10  -2   0  -4   5  -4   2  -4  11  -9 -15
   0  -6  -1   0  -5   1   0   0   1 -10   0 -13
   0 -16  -5   0 -11   0   0   0   0  -9 -19  -2
   0  -7   1  -2   0  -5 -11  -4 -16 -13   0  -2
 -11  -5   0  -2   0   0   0  -5  -5   1  -7  -2
 -11   0  -7   0   0   0  -2  -5   0   0   0   0
  -2  -9  -2 -17   0  -5  -2  -7  -7  -2  -5  14

World with best moves from strategy:
> v x v x > 1 < x v x v
^ v x v x ^ x ^ < < x v
x > > > > ^ x ^ x ^ x v
> > ^ x > ^ > ^ x ^ < <
x x ^ x ^ ^ x ^ x ^ x ^
> > ^ x ^ ^ < ^ > ^ > ^
x ^ ^ x ^ ^ ^ ^ > ^ x ^
2 ^ ^ x ^ x x x x ^ > ^
x ^ ^ < ^ > > > > ^ x ^
> ^ ^ ^ ^ ^ x ^ ^ ^ > ^
^ x ^ x ^ ^ > ^ x ^ x 1
^ > ^ < 2 ^ ^ ^ > ^ > ^

Starting position: (5, 11)
Strategy path:
(5, 11) -> (4, 11) -> (3, 11) -> (3, 10) -> (3, 9) -> (2, 9) -> (1, 9) -> (1, 8) -> (1, 7) -> (0, 7) -> (0, 6)
A* path:
(5, 11) -> (6, 11) -> (7, 11) -> (8, 11) -> (9, 11) -> (10, 11)
