name: low_epsilon
border_size: 12
wall_density: 0.25
epsilon: 0.1
discount_factor: 0.9
learning_rate: 0.9
epochs: 500
step_multiplier: 6
0 0 1 0 0 0 0 x 0 x 0 0
2 x x x x x 0 x 0 x 0 0
0 0 0 0 0 0 0 x 0 x 0 0
0 0 0 0 0 0 0 0 0 x 0 0
0 x 0 x 0 0 x 0 0 x 0 0
0 0 0 0 0 0 0 0 0 0 0 1
0 x x x x x x x x x x 0
0 0 0 0 0 0 0 0 0 0 0 0
0 0 x 0 x 0 x 0 x 0 x 0
x 0 0 0 0 0 x 0 x 0 0 0
0 0 x x x 0 x 0 x 0 x 0
0 0 0 0 0 0 0 0 0 2 0 0

Average q-values every 50 iterations:
Iteration: 50
   0   0   0  -2 -47 -25 -42   0 -65   0 -48 -50
   0   0   0   0   0   0 -40   0 -29   0 -25 -25
 -75 -25 -25 -25 -25  -6   4   0 -26   0 -25  15
 -22 -25   0 -25  14  27   7  15  16   0   0  -1
 -50   0 -50   0 -12 -16   0  21  21   0  43   2
 -22 -50 -25 -22 -25 -10 -20  23  28  -9  40   0
 -50   0   0   0   0   0   0   0   0   0   0  -7
 -22 -25 -47 -25 -50 -25 -50 -25 -50 -25 -32  15
 -50 -25   0 -50   0 -50   0 -50   0 -50   0 -17
   0 -25 -50 -25 -50 -25   0 -50   0 -25 -37  -3
 -50 -25   0   0   0 -25   0 -50   0 -50   0 -50
 -47   0 -50 -50 -50 -25 -50 -22 -99   0-100 -50

Iteration: 100
 -79  15   0 -23 -20 -24 -28   0 -63   0 -41 -28
   0   0   0   0   0   0 -31   0 -26   0 -10   7
 -71 -18  -6  -1   2   5   6   0 -23   0  10  28
 -20 -12  28   0  39  43  10  16  18   0  32  34
 -46   0 -33   0   9  10   0  21  23   0  38  40
 -18 -40   1 -28  10  14 -20  23  28  -9  40   0
 -50   0   0   0   0   0   0   0   0   0   0  -5
 -25 -17 -41 -11 -35   0 -28  12 -21  22 -15  32
 -47 -18   0 -45   0 -40   0 -29   0 -27   0 -19
   0 -19 -50 -21 -50 -20   0 -41   0  -9 -29  -1
 -48 -21   0   0   0 -47   0 -42   0 -43   0 -50
 -48 -20 -48 -49 -50 -25 -50 -22 -99   0-100 -50

Iteration: 150
 -80  -7   0  -5  -9 -13 -17   0 -63   0 -21 -20
   0   0   0   0   0   0 -23   0 -26   0  21  23
 -63  -6  -3  -1   2   5  11   0 -23   0  26  28
  -9  -5  29   0  39  43  10  16  18   0  32  34
 -38   0 -32   0   9  10   0  21  23   0  38  40
  -4 -32   3 -28  10  14 -20  23  28  -9  40   0
 -36   0   0   0   0   0   0   0   0   0   0  -5
  -5  -5 -34   0 -31   6 -26  14 -20  23 -13  34
 -37  -7   0 -34   0 -31   0 -26   0 -20   0 -13
   0  -8 -38  -3 -34   0   0 -29   0   4 -20  23
 -41 -11   0   0   0 -34   0 -34   0 -88   0 -23
 -41 -13 -45 -43 -43  -5 -43 -12-100   0 -89 -35

Iteration: 200
 -80  -4   0  -5  -9 -13 -17   0 -63   0 -20 -20
   0   0   0   0   0   0 -20   0 -26   0  21  23
 -63  -6  -2   2   6  10  14   0 -23   0  26  28
  -6  -5  29   2  41  46  12  16  18   0  32  34
 -36   0 -32   0   9  10   0  21  23   0  38  40
  -2 -32   3 -28  10  14 -20  23  28  -9  40   0
 -36   0   0   0   0   0   0   0   0   0   0  -5
  -5  -4 -34   0 -31   6 -26  14 -20  23 -13  34
 -37  -7   0 -34   0 -31   0 -26   0 -20   0 -13
   0  -7 -37  -3 -34   0   0 -28   0  16 -20  23
 -41 -10   0   0   0 -34   0 -31   0 -87   0 -20
 -41 -12 -42 -40 -37  -3 -34   0 -91   0 -87 -23

Iteration: 250
 -80  -4   0  -5  -9 -13 -17   0 -63   0 -20 -20
   0   0   0   0   0   0 -20   0 -26   0  21  23
 -62  -4   0   3   6  10  14   0 -23   0  26  28
  -5  -4  33   2  41  46  12  16  18   0  32  34
 -36   0 -32   0   9  10   0  21  23   0  38  40
  -2 -32   3 -28  10  14 -20  23  28  -9  40   0
 -36   0   0   0   0   0   0   0   0   0   0  -5
  -5  -4 -34   0 -31   6 -26  14 -20  23 -13  34
 -37  -7   0 -34   0 -31   0 -26   0 -20   0 -13
   0  -7 -37  -3 -34   0   0 -28   0  16 -20  23
 -41 -10   0   0   0 -34   0 -31   0 -87   0 -20
 -41 -11 -40 -38 -37  -3 -34   0 -91   0 -87 -23

Iteration: 300
 -80  -4   0  -5  -9 -13 -17   0 -63   0 -20 -20
   0   0   0   0   0   0 -20   0 -26   0  21  23
 -61  -4   0   3   6  10  14   0 -23   0  26  28
  -5  -3  33   2  41  46  12  16  18   0  32  34
 -36   0 -32   0   9  10   0  21  23   0  38  40
  -2 -32   3 -28  10  14 -20  23  28  -9  40   0
 -36   0   0   0   0   0   0   0   0   0   0  -5
  -5  -4 -34   0 -31   6 -26  14 -20  23 -13  34
 -37  -7   0 -34   0 -31   0 -26   0 -20   0 -13
   0  -7 -37  -3 -34   0   0 -28   0  16 -20  23
 -41 -10   0   0   0 -34   0 -31   0 -87   0 -20
 -41 -11 -40 -38 -37  -3 -34   0 -91   0 -87 -23

Iteration: 350
 -80  -4   0  -5  -9 -13 -17   0 -63   0 -20 -20
   0   0   0   0   0   0 -20   0 -26   0  21  23
 -61  -4   0   3   6  10  14   0 -23   0  26  28
  -5  -3  33   2  41  46  12  16  18   0  32  34
 -36   0 -32   0   9  10   0  21  23   0  38  40
  -2 -32   3 -28  10  14 -20  23  28  -9  40   0
 -36   0   0   0   0   0   0   0   0   0   0  -5
  -5  -4 -34   0 -31   6 -26  14 -20  23 -13  34
 -37  -7   0 -34   0 -31   0 -26   0 -20   0 -13
   0  -7 -37  -3 -34   0   0 -28   0  16 -20  23
 -41 -10   0   0   0 -34   0 -31   0 -87   0 -20
 -41 -11 -40 -38 -37  -3 -34   0 -91   0 -87 -23

Iteration: 400
 -80  -4   0  -5  -9 -13 -17   0 -63   0 -20 -20
   0   0   0   0   0   0 -20   0 -26   0  21  23
 -61  -2   0   3   6  10  14   0 -23   0  26  28
  -4  -3  33   2  41  46  12  16  18   0  32  34
 -36   0 -32   0   9  10   0  21  23   0  38  40
  -2 -32   3 -28  10  14 -20  23  28  -9  40   0
 -36   0   0   0   0   0   0   0   0   0   0  -5
  -5  -4 -34   0 -31   6 -26  14 -20  23 -13  34
 -37  -7   0 -34   0 -31   0 -26   0 -20   0 -13
   0  -7 -37  -3 -34   0   0 -28   0  16 -20  23
 -41 -10   0   0   0 -34   0 -31   0 -87   0 -20
 -41 -11 -40 -38 -37  -3 -34   0 -91   0 -87 -23

Iteration: 450
 -78  -4   0  -5  -9 -13 -17   0 -63   0 -20 -20
   0   0   0   0   0   0 -20   0 -26   0  21  23
 -61  -2   0   3   6  10  14   0 -23   0  26  28
  -4  -3  33   2  41  46  12  16  18   0  32  34
 -36   0 -32   0   9  10   0  21  23   0  38  40
  -2 -32   3 -28  10  14 -20  23  28  -9  40   0
 -36   0   0   0   0   0   0   0   0   0   0  -5
  -5  -4 -34   0 -31   6 -26  14 -20  23 -13  34
 -37  -7   0 -34   0 -31   0 -26   0 -20   0 -13
   0  -7 -37  -3 -34   0   0 -28   0  16 -20  23
 -41 -10   0   0   0 -34   0 -31   0 -87   0 -20
 -41 -11 -40 -38 -37  -3 -34   0 -91   0 -87 -23

Iteration: 500
 -78  -4   0  -5  -9 -13 -17   0 -63   0 -20 -20
   0   0   0   0   0   0 -20   0 -26   0  21  23
 -61  -2   0   3   6  10  14   0 -23   0  26  28
  -4  -3  33   2  41  46  12  16  18   0  32  34
 -36   0 -32   0   9  10   0  21  23   0  38  40
  -2 -32   3 -28  10  14 -20  23  28  -9  40   0
 -36   0   0   0   0   0   0   0   0   0   0  -5
  -5  -4 -34   0 -31   6 -26  14 -20  23 -13  34
 -37  -7   0 -34   0 -31   0 -26   0 -20   0 -13
   0  -7 -37  -3 -34   0   0 -28   0  16 -20  23
 -41 -10   0   0   0 -34   0 -31   0 -87   0 -20
 -41 -11 -40 -38 -37  -3 -34   0 -91   0 -87 -23

World with best moves from strategy:
> > 1 < < < < x v x > v
2 x x x x x ^ x v x > v
> > > > > > ^ x v x > v
^ ^ ^ ^ ^ ^ ^ > v x > v
v x v x > v x > v x > v
> > > > > > > > > > > 1
^ x x x x x x x x x x ^
^ > > > > > > > > > > ^
^ ^ x ^ x ^ x ^ x ^ x ^
x ^ > ^ > ^ x ^ x ^ > ^
> ^ x x x ^ x ^ x ^ x ^
^ ^ > > > ^ > ^ < 2 > ^

Starting position: (11, 8)
Strategy path:
(11, 8) -> (11, 7) -> (10, 7) -> (9, 7) -> (8, 7) -> (7, 7) -> (7, 8) -> (7, 9) -> (7, 10) -> (7, 11) -> (6, 11) -> (5, 11)
A* path:
(11, 8) -> (11, 7) -> (10, 7) -> (9, 7) -> (8, 7) -> (7, 7) -> (7, 8) -> (7, 9) -> (7, 10) -> (7, 11) -> (6, 11) -> (5, 11)
