name: low_discount_fac
border_size: 12
wall_density: 0.25
epsilon: 0.7
discount_factor: 0.1
learning_rate: 0.9
epochs: 500
step_multiplier: 6
0 0 0 x 0 0 x 0 0 x 1 0
x x 0 x 0 0 x 0 0 0 0 0
0 0 0 0 0 0 x 0 x x x 0
0 0 x 0 x 0 x 0 0 0 0 0
x 0 x 0 0 0 x 0 x 0 x 0
2 0 0 0 x 0 x 0 0 0 0 0
0 0 0 0 0 0 x 0 0 x 0 0
x x x x x 0 0 0 0 x 0 0
0 0 0 0 0 0 0 0 0 0 0 0
x 0 x 0 0 x 0 x 0 0 0 1
0 0 x 0 0 x 0 0 0 x 0 0
0 0 2 0 0 0 0 0 0 0 0 0

Average q-values every 50 iterations:
Iteration: 50
   0 -25 -50   0 -50 -50   0 -50 -50   0   0 -22
   0   0 -50   0 -25 -25   0 -25 -22 -42  25 -20
 -22 -25   0 -25   0 -25   0 -22   0   0   0 -45
   0 -22   0 -45   0 -47   0   0   0 -25 -25 -22
   0   0   0   0 -25 -25   0 -22   0 -22   0 -22
   0   0 -22 -22   0 -22   0 -22 -22   0 -25   0
   0   0   0   0   0   0   0 -22   0   0   0   0
   0   0   0   0   0 -22 -22   0   0   0   0   0
   0 -22 -25 -25 -25   0   0   0   0   0   0   0
   0   0   0 -22   0   0 -45   0   0   0   0   0
 -22   0   0   0   0   0   0 -22   0   0   0  22
   0   0   0   0   0 -22   0   0   0   0   0   0

Iteration: 100
 -45 -48 -50   0 -50 -50   0 -50 -50   0   0 -25
   0   0 -50   0 -25 -25   0 -25 -22 -45   3 -20
 -22 -25 -22 -25 -22 -25   0 -47   0   0   0 -49
   0 -22   0 -47   0 -50   0 -22 -22 -25 -25 -22
   0   0   0   0 -25 -25   0 -50   0 -22   0 -47
   0   0 -22 -22   0 -47   0 -25 -22   0 -25   0
   0   0   0   0 -45 -25   0 -22   0   0   0   0
   0   0   0   0   0 -25 -22   0   0   0   0   0
 -22 -22 -25 -25 -25 -25   0   0   0 -22   0   0
   0   0   0 -25   0   0 -47   0   0   0   0   0
 -22   0   0   0   0   0   0 -22   0   0   0  22
   0   0   0   0   0 -22   0   0   0   0   0   0

Iteration: 150
 -45 -50 -50   0 -50 -50   0 -50 -50   0   0 -24
   0   0 -50   0 -25 -25   0 -25 -25 -45   0 -20
 -22 -25 -22 -25 -25 -25   0 -47   0   0   0 -49
   0 -22   0 -47   0 -50   0 -22 -25 -25 -50 -22
   0 -22   0 -25 -25 -25   0 -50   0 -25   0 -47
   0   0 -22 -22   0 -50   0 -25 -22 -22 -25 -22
   0   0   0   0 -50 -25   0 -22 -22   0 -25   0
   0   0   0   0   0 -25 -22   0   0   0   0   0
 -47 -22 -25 -25 -25 -25   0   0   0 -22   0   0
   0 -22   0 -25   0   0 -47   0   0   0   0   0
 -22   0   0 -25   0   0   0 -22   0   0   0  25
   0   0   0   0   0 -22   0   0   0   0   0 -20

Iteration: 200
 -45 -50 -50   0 -50 -50   0 -50 -50   0   0 -24
   0   0 -50   0 -25 -25   0 -25 -25 -47   0 -20
 -22 -25 -25 -25 -25 -25   0 -50   0   0   0 -50
   0 -22   0 -50   0 -50   0 -22 -47 -25 -50 -22
   0 -25   0 -25 -25 -25   0 -50   0 -25   0 -50
   0   0 -22 -22   0 -50   0 -25 -25 -22 -25 -25
 -45   0   0   0 -50 -25   0 -25 -22   0 -25 -22
   0   0   0   0   0 -25 -22   0   0   0   0   0
 -47 -25 -25 -25 -25 -25   0   0   0 -22   0   0
   0 -22   0 -25   0   0 -47   0   0   0  22   0
 -22   0   0 -25   0   0   0 -22   0   0 -20  25
   0   0   0   0   0 -22 -22   0   0   0   0 -20

Iteration: 250
 -45 -50 -50   0 -50 -50   0 -50 -50   0   0 -24
   0   0 -50   0 -25 -25   0 -25 -25 -47   0 -20
 -22 -25 -25 -25 -25 -25   0 -50   0   0   0 -50
   0 -22   0 -50   0 -50   0 -22 -47 -25 -50 -22
   0 -25   0 -25 -47 -25   0 -50   0 -47   0 -50
   0   0 -22 -22   0 -50   0 -25 -25 -22 -25 -25
 -45   0   0   0 -50 -25   0 -25 -22   0 -25 -22
   0   0   0   0   0 -25 -22   0 -22   0 -22   0
 -70 -25 -47 -25 -25 -25   0   0   0 -22   0   0
   0 -25   0 -25   0   0 -47   0   0   0  22   0
 -22   0   0 -25   0   0 -22 -22   0   0 -20  25
   0   0   0   0   0 -22 -22   0 -25 -22   0 -20

Iteration: 300
 -45 -50 -50   0 -50 -50   0 -50 -50   0   0 -24
   0   0 -50   0 -25 -25   0 -25 -25 -47   0 -20
 -47 -25 -25 -25 -25 -25   0 -50   0   0   0 -50
   0 -22   0 -50   0 -50   0 -22 -47 -25 -50 -25
   0 -25   0 -25 -47 -25   0 -50   0 -50   0 -50
   0   0 -22 -22   0 -50   0 -25 -25 -22 -25 -25
 -45   0   0   0 -50 -25   0 -25 -22   0 -25 -22
   0   0   0   0   0 -25 -22   0 -25   0 -25   0
 -70 -25 -47 -25 -25 -25   0   0   0 -25   2   0
   0 -25   0 -25 -25   0 -47   0   0   0  25   0
 -22   0   0 -25   0   0 -22 -22   0   0 -20  25
   0 -45   0   0   0 -22 -22   0 -25 -22   0 -45

Iteration: 350
 -45 -50 -50   0 -50 -50   0 -50 -50   0   0 -24
   0   0 -50   0 -25 -25   0 -25 -25 -47   0 -20
 -47 -25 -25 -25 -25 -25   0 -50   0   0   0 -50
 -22 -22   0 -50   0 -50   0 -22 -47 -25 -50 -25
   0 -25   0 -25 -47 -25   0 -50   0 -50   0 -50
   0   0 -22 -22   0 -50   0 -25 -25 -22 -25 -25
 -45   0   0   0 -50 -25   0 -25 -22   0 -25 -22
   0   0   0   0   0 -25 -25   0 -25   0 -25   0
 -70 -25 -50 -25 -25 -25   0   0   0 -25   2   0
   0 -25   0 -25 -25   0 -50   0   0   0  25   0
 -22   0   0 -25 -22   0 -22 -22   0   0 -20  25
   0 -45   0   0   0 -22 -22   0 -25 -22   0 -45

Iteration: 400
 -47 -50 -50   0 -50 -50   0 -50 -50   0   0 -25
   0   0 -50   0 -25 -25   0 -25 -25 -47   0 -20
 -47 -25 -25 -25 -25 -25   0 -50   0   0   0 -50
 -22 -22   0 -50   0 -50   0 -22 -50 -25 -50 -25
   0 -25   0 -25 -50 -25   0 -50   0 -50   0 -50
   0   0 -22 -22   0 -50   0 -25 -25 -22 -25 -25
 -45   0   0   0 -50 -25   0 -25 -22   0 -25 -22
   0   0   0   0   0 -25 -25   0 -25   0 -25   0
 -70 -25 -50 -25 -25 -25   0   0   0 -25   3   0
   0 -25   0 -25 -25   0 -50   0   0   0  25   0
 -22   0   0 -25 -22   0 -22 -22   0   0 -20   3
   0 -45   0   0   0 -22 -22   0 -25 -22   0 -45

Iteration: 450
 -47 -50 -50   0 -50 -50   0 -50 -50   0   0 -25
   0   0 -50   0 -25 -25   0 -25 -25 -47   0 -20
 -47 -25 -25 -25 -25 -25   0 -50   0   0   0 -50
 -22 -22   0 -50   0 -50   0 -22 -50 -25 -50 -25
   0 -25   0 -25 -50 -25   0 -50   0 -50   0 -50
   0   0 -22 -22   0 -50   0 -25 -25 -25 -25 -25
 -45   0   0   0 -50 -25   0 -25 -22   0 -25 -22
   0   0   0   0   0 -25 -25   0 -25   0 -25   0
 -70 -25 -50 -25 -25 -25   0   0   0 -25   3   0
   0 -25   0 -25 -25   0 -50   0   0   0  25   0
 -22   0   0 -25 -22   0 -22 -22   0   0 -20   3
   0 -45   0   0   0 -22 -22   0 -25 -22   0 -45

Iteration: 500
 -72 -50 -50   0 -50 -50   0 -50 -50   0   0 -25
   0   0 -50   0 -25 -25   0 -25 -25 -47   0 -20
 -47 -25 -25 -25 -25 -25   0 -50   0   0   0 -50
 -22 -22   0 -50   0 -50   0 -25 -50 -25 -50 -25
   0 -25   0 -25 -50 -25   0 -50   0 -50   0 -50
   0   0 -22 -22   0 -50   0 -25 -25 -25 -25 -25
 -45   0   0   0 -50 -25   0 -25 -22   0 -25 -25
   0   0   0   0   0 -25 -25   0 -25   0 -25 -22
 -70 -25 -50 -25 -25 -25   0   0   0 -25   3   0
   0 -47   0 -25 -25   0 -50   0   0   0  25   0
 -22   0   0 -25 -22   0 -22 -22   0   0 -20   1
   0 -45   0 -45   0 -22 -22   0 -25 -22   0 -45

World with best moves from strategy:
> > v x > v x > v x 1 <
x x ^ x ^ ^ x > > > ^ ^
> > ^ > ^ ^ x ^ x x x ^
^ ^ x ^ x ^ x ^ > > > ^
x ^ x ^ > ^ x ^ x ^ x ^
2 ^ > ^ x ^ x ^ > ^ > ^
> ^ ^ ^ > ^ x ^ ^ x ^ ^
x x x x x ^ > ^ ^ x ^ ^
> > > > > ^ ^ ^ > > v ^
x ^ x ^ ^ x ^ x ^ ^ > 1
> ^ x ^ ^ x ^ > ^ x > ^
^ ^ 2 ^ ^ > ^ ^ ^ > > ^

Starting position: (7, 11)
Strategy path:
(7, 11) -> (6, 11) -> (5, 11) -> (4, 11) -> (3, 11) -> (2, 11) -> (1, 11) -> (0, 11) -> (0, 10)
A* path:
(7, 11) -> (8, 11) -> (9, 11)
